// Laser xyz position [m] vs time [s].
// y scans from 200 to 600 um across each 200 us layer window.
// z is the surface of the currently-active topmost layer.
(
    (0          (100e-6 200e-6  30e-6))
    (180e-6     (100e-6 600e-6  30e-6))
    (200e-6     (100e-6 200e-6  60e-6))
    (380e-6     (100e-6 600e-6  60e-6))
    (400e-6     (100e-6 200e-6  90e-6))
    (580e-6     (100e-6 600e-6  90e-6))
    (600e-6     (100e-6 200e-6 120e-6))
    (780e-6     (100e-6 600e-6 120e-6))
    (800e-6     (100e-6 200e-6 150e-6))
    (980e-6     (100e-6 600e-6 150e-6))
    (1000e-6    (100e-6 200e-6 180e-6))
    (1180e-6    (100e-6 600e-6 180e-6))
    (1200e-6    (100e-6 200e-6 210e-6))
    (1380e-6    (100e-6 600e-6 210e-6))
    (1400e-6    (100e-6 200e-6 240e-6))
    (1580e-6    (100e-6 600e-6 240e-6))
    (1600e-6    (100e-6 200e-6 270e-6))
    (1780e-6    (100e-6 600e-6 270e-6))
    (1800e-6    (100e-6 200e-6 300e-6))
    (1980e-6    (100e-6 600e-6 300e-6))
    (2000e-6    (100e-6 200e-6 330e-6))
    (2180e-6    (100e-6 600e-6 330e-6))
    (2200e-6    (100e-6 200e-6 360e-6))
    (2380e-6    (100e-6 600e-6 360e-6))
)
