// Laser power [W] vs time [s]. Power is held at 195 W during each
// layer's scan, and ramped to 0 during the brief teleport between
// layers so the source vanishes while the laser surface jumps.
(
    (0           195)
    (180e-6      195)
    (180.0001e-6 0  )
    (200e-6      0  )
    (200.0001e-6 195)
    (380e-6      195)
    (380.0001e-6 0  )
    (400e-6      0  )
    (400.0001e-6 195)
    (580e-6      195)
    (580.0001e-6 0  )
    (600e-6      0  )
    (600.0001e-6 195)
    (780e-6      195)
    (780.0001e-6 0  )
    (800e-6      0  )
    (800.0001e-6 195)
    (980e-6      195)
    (980.0001e-6 0  )
    (1000e-6     0  )
    (1000.0001e-6 195)
    (1180e-6     195)
    (1180.0001e-6 0  )
    (1200e-6     0  )
    (1200.0001e-6 195)
    (1380e-6     195)
    (1380.0001e-6 0  )
    (1400e-6     0  )
    (1400.0001e-6 195)
    (1580e-6     195)
    (1580.0001e-6 0  )
    (1600e-6     0  )
    (1600.0001e-6 195)
    (1780e-6     195)
    (1780.0001e-6 0  )
    (1800e-6     0  )
    (1800.0001e-6 195)
    (1980e-6     195)
    (1980.0001e-6 0  )
    (2000e-6     0  )
    (2000.0001e-6 195)
    (2180e-6     195)
    (2180.0001e-6 0  )
    (2200e-6     0  )
    (2200.0001e-6 195)
    (2380e-6     195)
    (2380.0001e-6 0  )
    (2400e-6     0  )
)
